Id	SSD011MYUN	SSD090MYUN	SSD094EPIN	SSD097EPIN	SSD148EPIN	SSD092EPUN	SSD149EPUN	SSD159EPUN	SSD163EPUN	SSD016MYIN	SSD110MYIN	SSD120MYIN	norm.SSD011MYUN	norm.SSD090MYUN	norm.SSD094EPIN	norm.SSD097EPIN	norm.SSD148EPIN	norm.SSD092EPUN	norm.SSD149EPUN	norm.SSD159EPUN	norm.SSD163EPUN	norm.SSD016MYIN	norm.SSD110MYIN	norm.SSD120MYIN	baseMean	MYUN	EPIN	EPUN	MYIN	FC	log2FoldChange	pvalue	padj	tagwise.dispersion	trended.dispersion
gene2256	333	446	2782	2712	2909	2025	2202	2149	1463	1851	2322	1914	305	400	2523	2692	3238	2566	2646	1883	2188	1400	2063	2116	2001.58	352	2818	2321	1860	5.275	2.399	3.94154007334389e-09	2.84973347302764e-05	0.0778	0.1168
gene27415	0	0	2	0	0	0	0	0	0	356	196	147	0	0	2	0	0	0	0	0	0	269	174	163	50.64	0	1	0	202	1616.962	10.659	2.10727823841842e-07	0.00050785405545884	0.7129	0.7043
gene4265	0	4	87	266	71	48	348	169	70	149	477	65	0	4	79	264	79	61	418	148	105	113	424	72	147.13	2	141	183	203	105.342	6.719	6.93851359841924e-07	0.000847125369093184	0.5014	0.3492
gene30474	6018	4692	17898	12184	13063	19339	13985	17156	9326	24670	22982	15175	5515	4203	16231	12096	14539	24502	16805	15029	13949	18657	20415	16778	14893.32	4859	14289	17571	18617	3.831	1.938	9.12559362900409e-06	0.00628362304168567	0.0948	0.1401
gene14999	769	814	1478	971	1210	781	1037	1506	750	3056	3288	1680	705	729	1340	964	1347	990	1246	1319	1122	2311	2921	1857	1404.25	717	1217	1169	2363	3.296	1.721	1.07124368071549e-05	0.00645424317631084	0.077	0.1198
gene1576	1	4	68	129	65	53	99	96	69	119	105	19	1	4	62	128	72	67	119	84	103	90	93	21	70.36	2	87	93	68	28.701	4.843	1.20175575509462e-05	0.00695095528746729	0.382	0.5511
gene13080	0	6	312	670	338	397	411	183	225	38	57	35	0	5	283	665	376	503	494	160	337	29	51	39	245.12	2	441	374	40	13.94	3.801	2.26218973208039e-05	0.0100819969124366	0.254	0.2772
gene15523	0	2	658	756	529	562	644	581	401	18	18	11	0	2	597	751	589	712	774	509	600	14	16	12	381.19	1	646	649	14	13.678	3.774	2.0689004910899e-05	0.0100819969124366	0.1361	0.2238
gene22424	0	2	85	114	118	57	66	119	89	16	168	16	0	2	77	113	131	72	79	104	133	12	149	18	74.28	1	107	97	60	58.246	5.864	2.3251301910824e-05	0.0100819969124366	0.5253	0.5298
gene26695	527	630	197	316	272	306	276	316	193	1885	3848	1686	483	564	179	314	303	388	332	277	289	1426	3418	1864	819.6	524	265	322	2236	4.269	2.094	2.23806283228071e-05	0.0100819969124366	0.1187	0.1453
gene4145	1012	438	399	673	739	537	506	607	424	2822	3452	2670	927	392	362	668	823	680	608	532	634	2134	3066	2952	1148.27	660	618	614	2717	4.118	2.042	2.19134352557158e-05	0.0100819969124366	0.1133	0.1259
gene29346	79	378	225	313	176	160	174	142	104	1377	1355	1261	72	339	204	311	196	203	209	124	156	1041	1204	1394	454.39	206	237	173	1213	5.898	2.56	4.8103787127322e-05	0.0158974574028788	0.1836	0.2028
gene28746	11	15	253	217	272	268	217	335	360	89	79	108	10	13	229	215	303	340	261	293	538	67	70	119	205.02	12	249	358	85	7.198	2.848	5.08602230983898e-05	0.0163430850222826	0.1978	0.2998
gene10776	0	0	26	6	37	6	24	125	40	21	59	48	0	0	24	6	41	8	29	110	60	16	52	53	33.15	0	24	52	40	324.18	8.341	6.40866817706934e-05	0.0197168812426431	0.8488	0.9863
gene29678	0	0	69	73	72	87	94	45	131	21	4	24	0	0	63	72	80	110	113	39	196	16	4	27	59.97	0	72	114	16	122.882	6.941	7.16260404246408e-05	0.0214771719754219	0.5119	0.6263
gene10382	0	12	11	19	60	6	20	6	24	474	1992	8	0	11	10	19	67	8	24	5	36	358	1770	9	193	6	32	18	712	129.324	7.015	8.22841963756821e-05	0.0215564599423662	0.9123	0.3073
gene22272	113	52	641	1146	310	500	566	881	484	611	221	648	104	47	581	1138	345	633	680	772	724	462	196	716	533.2	76	688	702	458	6.095	2.608	7.65403769136596e-05	0.0215564599423662	0.1974	0.185
gene21063	0	0	107	343	64	45	14	285	90	57	16	4	0	0	97	341	71	57	17	250	135	43	14	4	85.72	0	170	115	20	166.789	7.382	0.000108789510011828	0.0253725212059844	0.6821	0.478
gene20165	34	21	172	332	273	29	106	127	110	188	286	211	31	19	156	330	304	37	127	111	165	142	254	233	159.07	25	263	110	210	8.361	3.064	0.000130814863227584	0.029101275727244	0.2724	0.3362
gene28176	197	195	925	1142	579	601	748	360	332	547	1215	831	181	175	839	1134	644	761	899	315	497	414	1079	919	654.69	178	872	618	804	4.523	2.177	0.000142936404875546	0.0308486629029909	0.157	0.1643
gene17680	281	238	1621	1156	377	549	548	865	656	833	1969	760	258	213	1470	1148	420	696	658	758	981	630	1749	840	818.37	236	1013	773	1073	4.558	2.188	0.000154148256871123	0.0323041129616876	0.1606	0.1454
gene21154	618	590	1942	1944	1368	1226	1135	1880	1311	1719	2364	1095	566	529	1761	1930	1523	1553	1364	1647	1961	1300	2100	1211	1453.69	548	1738	1631	1537	2.807	1.489	0.00017766303636008	0.0347163176454967	0.081	0.1192
gene7948	567	702	1435	1626	1121	1484	1891	1917	1126	1198	3962	1542	520	629	1301	1614	1248	1880	2272	1679	1684	906	3520	1705	1579.85	574	1388	1879	2044	3.558	1.831	0.000183421499775077	0.0350086879058832	0.1197	0.1179
gene30817	26	13	143	352	190	41	84	186	92	84	238	220	24	12	130	349	211	52	101	163	138	64	211	243	141.48	18	230	114	173	9.673	3.274	0.000193152298950389	0.0360156208922381	0.3187	0.3561
gene6839	578	513	635	620	618	455	418	671	411	1138	2538	1655	530	460	576	616	688	576	502	588	615	861	2255	1830	841.23	495	627	570	1649	3.331	1.736	0.000202271476054601	0.0365605692968692	0.1098	0.1434
gene21932	29	22	936	871	456	422	630	392	268	125	167	74	27	20	849	865	508	535	757	343	401	95	148	82	385.67	24	741	509	108	4.662	2.221	0.000212170494727691	0.0373403133252869	0.1573	0.2224
gene12193	0	0	115	88	154	61	54	158	170	4	11	14	0	0	104	87	171	77	65	138	254	3	10	15	77.18	0	121	134	9	75.276	6.234	0.000248691972539101	0.0408646127604023	0.4448	0.5165
gene2624	1546	2124	1841	1821	1588	1342	1081	1332	794	5959	6295	3087	1417	1903	1670	1808	1767	1700	1299	1167	1188	4507	5592	3413	2285.81	1660	1748	1338	4504	2.714	1.44	0.000241734434658024	0.0408646127604023	0.08	0.1175
gene9191	44	41	1555	1093	780	1305	2119	994	689	224	372	68	40	37	1410	1085	868	1653	2546	871	1031	169	330	75	843.04	38	1121	1525	191	4.968	2.313	0.000246341402515501	0.0408646127604023	0.1811	0.1433
gene11915	578	934	548	367	372	221	254	339	404	1857	3710	2425	530	837	497	364	414	280	305	297	604	1404	3296	2681	959.11	684	425	372	2460	3.6	1.848	0.000269338193050294	0.0437598906910927	0.1285	0.1348
gene27170	42	10	89	207	95	162	199	193	112	230	163	185	38	9	81	206	106	205	239	169	168	174	145	205	145.3	24	131	195	175	7.323	2.873	0.000275415973665043	0.044250166435517	0.2689	0.3515
gene23487	381	547	1917	1829	1022	1348	1533	1026	640	1295	2838	943	349	490	1738	1816	1137	1708	1842	899	957	979	2521	1043	1290	420	1564	1352	1514	3.608	1.851	0.000315529168598172	0.0469853627201474	0.1315	0.1219
gene6966	77	94	751	1485	659	388	395	422	291	342	463	206	71	84	681	1474	733	492	475	370	435	259	411	228	476.04	78	963	443	299	3.863	1.95	0.000318252455953251	0.0469853627201474	0.1403	0.1976
gene9569	746	389	1049	953	1303	1146	1060	2331	866	4112	1883	785	684	348	951	946	1450	1452	1274	2042	1295	3110	1673	868	1341.1	516	1116	1516	1884	3.65	1.868	0.000329142107808005	0.0473296066061786	0.1347	0.1209
gene23850	430	467	726	684	466	251	330	711	229	1767	2206	779	394	418	658	679	519	318	397	623	343	1336	1960	861	708.81	406	619	420	1386	3.411	1.77	0.000343409011398225	0.0477470606232532	0.1225	0.157
