Id	SSD011MYUN	SSD090MYUN	SSD094EPIN	SSD097EPIN	SSD148EPIN	SSD092EPUN	SSD149EPUN	SSD159EPUN	SSD163EPUN	SSD016MYIN	SSD110MYIN	SSD120MYIN	norm.SSD011MYUN	norm.SSD090MYUN	norm.SSD094EPIN	norm.SSD097EPIN	norm.SSD148EPIN	norm.SSD092EPUN	norm.SSD149EPUN	norm.SSD159EPUN	norm.SSD163EPUN	norm.SSD016MYIN	norm.SSD110MYIN	norm.SSD120MYIN	baseMean	MYUN	EPIN	EPUN	MYIN	FC	log2FoldChange	pvalue	padj	tagwise.dispersion	trended.dispersion
gene10737	6570	9576	1188	817	957	679	800	1862	1022	1808	1298	1145	6021	8578	1077	811	1065	860	961	1631	1529	1367	1153	1266	2193.37	7300	984	1245	1262	0.173	-2.532	1.058176670098e-10	1.5301234649617e-06	0.0877	0.1172
gene15598	1804	3394	1364	1098	480	858	585	2208	301	443	266	224	1653	3040	1237	1090	534	1087	703	1934	450	335	236	248	1045.7	2346	954	1044	273	0.116	-3.103	2.00992146622989e-08	9.68782146722807e-05	0.1688	0.1301
gene23994	2103	7493	113	49	15	51	136	217	53	585	373	386	1927	6712	102	49	17	65	163	190	79	442	331	427	875.44	4320	56	124	400	0.093	-3.432	1.3400072977597e-07	0.000462381255843855	0.2298	0.1406
gene457	51	331	518	892	1847	2375	1166	1160	1021	18	15	10	47	297	470	886	2056	3009	1401	1016	1527	14	13	11	895.48	172	1137	1738	13	0.075	-3.743	1.59882868549051e-07	0.000462381255843855	0.2521	0.1392
gene21256	535	5332	1017	1122	685	852	323	1424	594	369	319	82	490	4776	922	1114	762	1079	388	1247	888	279	283	91	1026.83	2633	933	900	218	0.083	-3.594	2.91725904051706e-07	0.000564846165618956	0.2633	0.131
gene4750	12642	29060	4319	3460	3525	3816	3342	5948	2750	6061	5035	4040	11586	26032	3917	3435	3923	4835	4016	5211	4113	4584	4473	4467	6715.85	18809	3758	4544	4508	0.24	-2.061	3.51564003497276e-07	0.000564846165618956	0.0955	0.1326
gene5350	3226	7209	268	477	419	174	323	293	279	1381	898	956	2956	6458	243	474	466	220	388	257	417	1044	798	1057	1231.57	4707	394	320	966	0.205	-2.284	3.32464869719038e-07	0.000564846165618956	0.1155	0.1233
gene13264	537	1923	4046	2113	2843	1696	1520	2139	2298	210	245	226	492	1723	3669	2098	3164	2149	1826	1874	3437	159	218	250	1754.88	1108	2977	2322	209	0.188	-2.408	7.03008605056584e-07	0.000847125369093184	0.1338	0.117
gene27051	75	1577	624	689	861	1012	709	747	591	88	61	40	69	1413	566	684	958	1282	852	654	884	67	54	44	627.26	741	736	918	55	0.074	-3.747	5.87313430087497e-07	0.000847125369093184	0.2951	0.1684
gene12271	10278	11632	1584	2101	1794	2712	1681	1670	771	3618	1802	2137	9419	10420	1436	2086	1997	3436	2020	1463	1153	2736	1601	2363	3344.16	9920	1840	2018	2233	0.225	-2.151	1.75053075075199e-06	0.00166058230818037	0.1176	0.1225
gene15579	4948	9358	1307	893	1581	1067	919	2689	1483	2666	1028	984	4535	8383	1185	887	1760	1352	1104	2356	2218	2016	913	1088	2316.35	6459	1277	1758	1339	0.207	-2.27	1.6683306817965e-06	0.00166058230818037	0.1298	0.1176
gene26527	5805	5934	898	460	919	818	449	2357	899	1624	1162	944	5320	5316	814	457	1023	1036	540	2065	1345	1228	1032	1044	1768.24	5318	765	1246	1101	0.207	-2.271	1.7476837154101e-06	0.00166058230818037	0.1304	0.117
gene29369	1675	3332	662	526	512	489	457	1175	644	698	427	589	1535	2985	600	522	570	620	549	1029	963	528	379	651	910.99	2260	564	790	519	0.23	-2.121	1.83743547239875e-06	0.00166058230818037	0.1143	0.138
gene31236	209	136	0	0	0	0	0	0	0	0	0	0	192	122	0	0	0	0	0	0	0	0	0	0	26.11	157	0	0	0	0.001	-10.293	3.90586646233182e-06	0.0033222840614893	1.3991	1.1605
gene7090	2425	6825	493	586	709	309	349	619	310	1715	853	914	2222	6114	447	582	789	391	419	542	464	1297	758	1011	1253.02	4168	606	454	1022	0.245	-2.028	4.48198226599545e-06	0.00360052575368301	0.1138	0.1228
gene10179	677	759	6741	3669	5542	5774	4540	6199	5656	255	217	171	620	680	6113	3643	6168	7316	5455	5430	8460	193	193	189	3705.02	650	5308	6665	192	0.295	-1.762	6.86814423416028e-06	0.00519013071338028	0.0877	0.1242
gene12057	1027	4169	198	132	85	341	287	380	179	725	516	304	941	3735	180	131	95	432	345	333	268	548	458	336	650.11	2338	135	344	447	0.192	-2.384	7.17860402957162e-06	0.00519013071338028	0.1618	0.1649
gene16999	4	12790	4	2	4	0	8	5	2	50	79	99	4	11457	4	2	4	0	10	4	3	38	70	109	975.46	5730	3	4	72	0.013	-6.304	9.77221753990581e-06	0.00642301207395628	0.88	0.1338
gene19464	2014	353	0	0	0	0	2	4	0	13	99	12	1846	316	0	0	0	0	2	4	0	10	88	13	189.91	1081	0	2	37	0.034	-4.863	1.03466019664286e-05	0.00645424317631084	0.5899	0.3096
gene26374	1640	2298	775	735	674	692	543	1922	625	533	625	436	1503	2059	703	730	750	877	652	1684	935	403	555	482	944.36	1781	728	1037	480	0.27	-1.891	1.45408196007811e-05	0.00808693274720364	0.1106	0.1357
gene26838	3999	1447	226	74	28	160	92	144	60	688	278	205	3665	1296	205	73	31	203	111	126	90	520	247	227	566.14	2480	103	132	331	0.134	-2.903	1.54371550033993e-05	0.00826745412404275	0.2527	0.1786
gene6019	171	1541	2101	361	1080	697	592	912	719	114	103	107	157	1380	1905	358	1202	883	711	799	1075	86	91	118	730.64	768	1155	867	98	0.128	-2.961	1.90444303861026e-05	0.00983508797796585	0.2654	0.1545
gene17055	14149	17674	1069	807	1142	772	983	2590	1181	6061	3371	4323	12967	15832	969	801	1271	978	1181	2269	1766	4584	2995	4780	4199.43	14400	1014	1548	4120	0.286	-1.806	2.44031737161328e-05	0.0100819969124366	0.1075	0.1262
gene24484	34	2	219	258	319	324	240	330	120	2	0	0	31	2	199	256	355	411	288	289	179	2	0	0	167.64	16	270	292	1	0.042	-4.565	2.43613923879504e-05	0.0100819969124366	0.3645	0.3283
gene12654	14867	25995	2557	839	1436	1537	1216	2706	1529	8508	3254	4075	13625	23286	2319	833	1598	1947	1461	2370	2287	6434	2891	4505	5296.44	18456	1583	2016	4610	0.25	-2.001	2.67419765721316e-05	0.0104510535468385	0.1327	0.1296
gene16803	2606	6174	50	103	67	37	35	61	189	1057	338	334	2388	5531	45	102	75	47	42	53	283	799	300	369	836.25	3960	74	106	489	0.124	-3.015	2.63924209070145e-05	0.0104510535468385	0.2869	0.1438
gene17244	480	1630	45	10	27	16	13	40	15	241	104	79	440	1460	41	10	30	20	16	35	22	182	92	87	203.02	950	27	23	120	0.127	-2.974	3.25587750101433e-05	0.0122024530511537	0.2843	0.3006
gene21001	4538	3049	330	359	445	89	202	1581	449	880	270	67	4159	2731	299	356	495	113	243	1385	672	666	240	74	952.71	3445	383	603	327	0.095	-3.398	3.29111804284229e-05	0.0122024530511537	0.3645	0.1352
gene26250	9344	9763	661	427	447	1066	649	1552	478	4222	1827	2808	8563	8746	599	424	498	1351	780	1360	715	3193	1623	3105	2579.6	8654	507	1052	2640	0.305	-1.713	3.92959693189558e-05	0.0142054929088025	0.102	0.1187
gene8071	23640	35072	784	709	1133	1237	864	1858	1171	12442	7144	7699	21664	31418	711	704	1261	1567	1038	1628	1752	9409	6346	8512	7167.52	26541	892	1496	8089	0.305	-1.714	4.21069647192279e-05	0.014850407557074	0.1031	0.1334
gene14231	657	38	5	51	124	76	2	1327	142	6	0	3	602	34	5	51	138	96	2	1162	212	5	0	3	192.56	318	65	368	3	0.009	-6.853	4.83740059285386e-05	0.0158974574028788	1.1472	0.3078
gene25026	15330	49725	1238	1565	1772	1492	1846	2546	1535	11646	7960	7751	14049	44544	1123	1554	1972	1890	2218	2230	2296	8807	7071	8570	8027.02	29296	1550	2158	8149	0.278	-1.846	4.81500229400819e-05	0.0158974574028788	0.1211	0.1346
gene7307	5275	12145	3892	3337	1468	2492	3905	5500	2787	3749	1352	2042	4834	10880	3530	3313	1634	3157	4692	4818	4169	2835	1201	2258	3943.36	7857	2826	4209	2098	0.267	-1.905	5.44551692037953e-05	0.0171178640584104	0.1304	0.1252
gene22314	1240	8075	851	1202	1769	2081	679	1933	647	1193	874	595	1136	7234	772	1193	1969	2637	816	1693	968	902	776	658	1729.5	4185	1311	1528	779	0.186	-2.426	7.27787985335874e-05	0.0214771719754219	0.2147	0.1171
gene13290	660	128	98	85	95	86	83	118	57	56	43	62	605	115	89	84	106	109	100	103	85	42	38	69	128.74	360	93	99	50	0.138	-2.856	7.70441970575801e-05	0.0215564599423662	0.2871	0.3738
gene16289	9805	26535	2018	1371	1387	2706	3700	2944	1544	7285	4066	4651	8986	23770	1830	1361	1544	3428	4446	2579	2309	5509	3612	5142	5376.42	16378	1578	3190	4754	0.29	-1.784	8.12703098299213e-05	0.0215564599423662	0.1205	0.1298
gene19358	6541	18223	863	453	652	749	701	987	488	4578	3873	3360	5994	16324	783	450	726	949	842	865	730	3462	3440	3715	3190	11159	653	846	3539	0.317	-1.657	8.34828324185689e-05	0.0215564599423662	0.1044	0.1217
gene21148	1018	174	4	0	0	9	1	8	0	41	18	33	933	156	4	0	0	11	1	7	0	31	16	36	99.63	544	1	5	28	0.051	-4.285	7.8142969221985e-05	0.0215564599423662	0.5951	0.4323
gene24436	6618	19092	142	128	112	97	117	156	86	3223	3148	4693	6065	17103	129	127	125	123	141	137	129	2437	2796	5189	2874.95	11584	127	132	3474	0.3	-1.738	8.17609782807747e-05	0.0215564599423662	0.1144	0.1201
gene16948	5321	16293	891	784	928	797	1111	1319	723	4246	2151	3354	4876	14595	808	778	1033	1010	1335	1155	1081	3211	1911	3708	2958.55	9736	873	1145	2943	0.302	-1.726	8.80208822508151e-05	0.0223295080236278	0.1139	0.1205
gene6126	376	758	1194	1279	629	753	924	1076	639	164	208	134	345	679	1083	1270	700	954	1110	943	956	124	185	148	707.99	512	1018	991	152	0.298	-1.748	9.23014589271361e-05	0.0230117085532136	0.1144	0.1572
gene5799	3073	4034	779	712	1083	877	994	919	927	1413	816	1279	2816	3614	706	707	1205	1111	1194	805	1387	1069	725	1414	1396.11	3215	873	1124	1069	0.333	-1.588	9.63238549949481e-05	0.0236075075123212	0.0975	0.12
gene1197	2810	4329	1483	463	1257	1006	1490	1942	1012	1294	1024	1017	2575	3878	1345	460	1399	1275	1790	1701	1514	979	910	1124	1579.1	3226	1068	1570	1004	0.311	-1.684	0.000101226007560717	0.0243954678221328	0.1101	0.1179
gene23627	12384	17138	1804	1055	1769	1638	1262	1932	1163	6405	4149	4852	11349	15352	1636	1047	1969	2075	1516	1692	1740	4844	3686	5364	4355.94	13350	1551	1756	4631	0.347	-1.527	0.000106125078885511	0.0251568629620409	0.0917	0.1268
gene16605	6521	9524	3934	2962	2679	3829	3277	4077	2057	3344	3111	2543	5976	8532	3568	2941	2982	4851	3938	3571	3077	2529	2764	2812	3961.58	7254	3164	3859	2702	0.372	-1.425	0.000120124581174167	0.027571451488547	0.081	0.1253
gene2241	3453	7434	2224	877	1738	1661	1479	1961	1182	2577	1587	1265	3164	6659	2017	871	1934	2104	1777	1718	1768	1949	1410	1399	2230.88	4912	1607	1842	1586	0.323	-1.631	0.000127155178847708	0.0287291232209041	0.1066	0.1173
gene21871	18	49	1639	1931	1565	1808	1187	1095	727	0	14	2	16	44	1486	1917	1742	2291	1426	959	1087	0	12	2	915.33	30	1715	1441	5	0.164	-2.608	0.000142718231122271	0.0308486629029909	0.1969	0.1377
gene29361	30013	36976	990	764	482	1338	950	1336	683	15768	9196	10321	27505	33123	898	759	536	1695	1142	1170	1022	11925	8169	11411	8279.52	30314	731	1257	10502	0.346	-1.529	0.00015335302462439	0.0323041129616876	0.0964	0.1349
gene26432	340	542	595	349	817	362	380	348	284	96	95	124	312	486	540	346	909	459	457	305	425	73	84	137	377.63	399	598	412	98	0.246	-2.026	0.000158581263470448	0.0327583581397525	0.1633	0.2249
gene11892	2128	16364	1330	1281	1733	1347	1806	1839	1220	2064	2526	1975	1950	14659	1206	1272	1929	1707	2170	1611	1825	1561	2244	2184	2859.73	8304	1469	1828	1996	0.24	-2.057	0.000165571551887999	0.0337206287366262	0.1739	0.12
gene20079	2838	2204	581	670	407	501	482	485	162	860	861	678	2601	1974	527	665	453	635	579	425	242	650	765	750	855.52	2288	548	470	722	0.315	-1.664	0.000168780492441673	0.0338967488987026	0.1147	0.1422
gene14764	11541	9028	1639	1365	1682	2167	1003	3267	1404	2951	1918	4097	10577	8087	1486	1355	1872	2746	1205	2862	2100	2232	1704	4530	3396.28	9332	1571	2228	2822	0.302	-1.726	0.000175546365753804	0.0347163176454967	0.1244	0.1227
gene11864	7808	21381	2998	3790	2484	2350	4425	3621	2705	5856	4172	3985	7155	19153	2719	3763	2765	2977	5317	3172	4046	4429	3706	4406	5300.67	13154	3082	3878	4180	0.318	-1.654	0.000184001402548211	0.0350086879058832	0.1152	0.1296
gene25173	255	401	118	148	131	261	95	564	255	97	40	50	234	359	107	147	146	331	114	494	381	73	36	55	206.43	296	133	330	55	0.185	-2.433	0.000196765840282629	0.0360156208922381	0.2389	0.2987
gene3921	101	192	412	390	451	443	282	248	75	8	38	17	93	172	374	387	502	561	339	217	112	6	34	19	234.63	132	421	307	20	0.148	-2.758	0.000196345304432374	0.0360156208922381	0.2929	0.2825
gene8976	11928	11567	2017	1214	1372	2212	1678	1963	953	4366	4445	4008	10931	10362	1829	1205	1527	2803	2016	1720	1425	3302	3949	4431	3791.67	10646	1520	1991	3894	0.366	-1.451	0.000207031385964263	0.0369589363091758	0.0903	0.1246
gene22883	2495	3756	378	533	267	200	315	685	338	1271	863	899	2286	3365	343	529	297	253	379	600	506	961	767	994	939.96	2826	390	434	907	0.321	-1.639	0.000214332365560084	0.0373403133252869	0.1151	0.136
gene23426	2618	6509	644	709	984	932	653	2427	1142	1265	861	1562	2399	5831	584	704	1095	1181	785	2126	1708	957	765	1727	1655.11	4115	794	1450	1150	0.279	-1.84	0.00023541150895197	0.0405244097553035	0.1466	0.1174
gene18454	6114	4000	2201	1395	567	1727	1660	1783	1224	2106	1296	1626	5603	3583	1996	1385	631	2188	1995	1562	1831	1593	1151	1798	2109.62	4593	1337	1894	1514	0.33	-1.601	0.000243261631291738	0.0408646127604023	0.1121	0.117
gene29079	2013	1980	339	537	836	710	246	1045	559	637	469	521	1845	1774	307	533	930	900	296	915	836	482	417	576	817.55	1810	590	737	492	0.272	-1.88	0.00028284200391735	0.0449439052378558	0.1564	0.1455
gene20267	9764	11834	3367	4306	3099	3425	4024	4974	2817	5813	3492	3676	8948	10601	3053	4275	3449	4339	4835	4357	4213	4396	3102	4064	4969.54	9774	3592	4436	3854	0.394	-1.343	0.000314446495526329	0.0469853627201474	0.0821	0.1287
gene23238	7930	20542	560	308	169	513	388	635	475	4850	4677	4028	7267	18402	508	306	188	650	466	556	710	3668	4155	4453	3444.12	12834	334	596	4092	0.319	-1.649	0.000305067866915631	0.0469853627201474	0.1229	0.123
gene28447	9409	7414	22	11	72	16	42	27	23	3468	1725	1162	8623	6641	20	11	80	20	50	24	34	2623	1532	1285	1745.31	7632	37	32	1813	0.238	-2.073	0.0003184091405788	0.0469853627201474	0.1933	0.117
gene3053	2085	5187	3128	2229	3538	2420	2300	3271	2373	1322	1275	1256	1911	4647	2837	2213	3938	3066	2764	2865	3549	1000	1133	1389	2609.2	3279	2996	3061	1174	0.358	-1.482	0.000315392547388477	0.0469853627201474	0.0996	0.1188
gene3656	508	4115	301	98	103	70	152	481	173	323	468	330	466	3686	273	97	115	89	183	421	259	244	416	365	551.08	2076	162	238	342	0.165	-2.603	0.000318434685101967	0.0469853627201474	0.2975	0.1814
gene14232	678	48	486	881	469	163	89	627	255	16	7	65	621	43	441	875	522	207	107	549	381	12	6	72	319.67	332	613	311	30	0.09	-3.472	0.00032281792996057	0.0471509824972712	0.4961	0.2451
gene18299	51	34	93	23	61	141	22	87	0	2	0	0	47	30	84	23	68	179	26	76	0	2	0	0	44.59	38	58	70	1	0.018	-5.832	0.000332681299828276	0.0473296066061786	1.055	0.7856
gene1966	12	22	105	169	279	117	156	173	117	3	2	0	11	20	95	168	311	148	187	152	175	2	2	0	105.88	16	191	166	1	0.101	-3.303	0.000337133435714827	0.0473296066061786	0.3045	0.4184
gene22550	13399	15203	896	847	1004	955	1133	1802	802	7783	4607	4963	12279	13619	813	841	1117	1210	1361	1579	1200	5886	4093	5487	4123.69	12949	924	1338	5155	0.398	-1.329	0.000335331147171003	0.0473296066061786	0.0812	0.1259
gene6572	212	19	345	199	175	369	332	878	588	16	21	17	194	17	313	198	195	468	399	769	879	12	19	19	290.1	106	235	629	17	0.157	-2.673	0.000356310028771725	0.0490689811051347	0.2974	0.2569
